000000000000000000000000001001000001100000000000000000011000000000000000000
000000000000000000000000001110000001100000000000000110001011000000000000000
000000000110000000000000001000000000000000000000010010000111000000000000000
000000001001000000000000011000000000000000000000011100000101000000000000000
000000000110000000000000011100000000000000000000010000000010000000000000000
000000000000000000000000010010000000000000000000000000000000000000000000000
000000000000000000000000001010000000000000000000000111000000000000000000000
000000000000000000000000001110000000000000000000000110110000000000000000000
000000000000000000000000000000000000000000000000000001110000000000000000000
000000000000000000000000000000000000000000000000000000000000000000000000000
000000000000000000000000000000000000000000000001000000000000000000000010000
000000000000000000000000000000000000000000000010100011000000000000000101000
000000000000000000000000000000000000000000000010010011000001000000000101000
000000000000000000000000000000000000000000000001100000000001000000100010000
000000000000000000000000000000000000000000000000000000000001000001100000000
000000000000000000000000000000000000000000000000000000000000000001010000000
000000000000000000000000000000000000000000000000000000000000011100000000000
000000000000000000000000000000000000000000000000000000000100000000000000000
000000000000000000000000000000000000000000000000000000001010000000000000000
000000000000000000000000000000000000000000000000000000001010000000000000000
000000000000000000000000000000000000000000000000000000000100000000000000000
000000110000000000000000000000000000000000000000000000000000000000000000000
000000110000000000110000000000000000000000000000000001100000000000000110000
000000000000000001001000000001100000000000000000000010010000000000000110000
000000000000000000101000000001100000000000000000000001100000000000000000000
000000011100000000010000000000000000000000000000000000000000100000000000000
000000111110000000000000000000000000000000000000000000000000100000000000000
110011011011000000000000000000000000000000000000000000000000100000000000001
111111011010000000000000000000000100000000110000000000000000000000000000010
000000111100000000000000000000000100000000001000000000000100000000000000110
111100010000000000000000000000000100000001000000000000000010000000000001000
000100000000000000000000000000000000000000110000000000110010001000000010011
000010100000000000000001000000000000000000000000010101000010011100000001010
000000000000000000000001000000000000000000000000001001000000110110000000100
000000000000010100000001000000000000000000000000000000100001010011000000000
000000000000100010000000000000000000000000000000000000011010000011001000000
000000000000100000000000000000000010000000000000000000001110011010011100000
000000000000100001000000000000000010000000000000000000000011000100000100000
000000000000100000000000000000000010000000000000000000000000000011010000000
000000000000010011000000000000000000000000000000000000110000000000111000000
000000000000001110000000000000111000001000000000000000110000000000000000000
000000000000000000000000000100000000000100000000000000000000000000000000000
000000000000000000000000000100000010010010000000000000000000000000000000000
000000000000000000000000000100000010110010000000000000000000000000000000000
000000000000000000000000000000000010110100000000000000000000000000000000000
000000000100000000000000000000000000001010000000000000000000000000000001000
000000001010000000000000000000000000000000000000000000000000000000000110000
000000010100000000000000000000000000110000000000000000000000000000000100000
000000011000000000000000000110000000010000000000000000000000000000010000000
000000000000000000011000000110000000001111000000000000000000000000101000000
000000000000000000100100000000000000000111000001000000000000000000011000000
000000000000000000011000000000000000000010000111000000000000000000000000000
000000000000000000000000000000000000000000001001000000000000000000000000000
000000000000000000000000000000000000000000001100000000000000000000000000000
000000000000000000000000000000000000000000000100000000000000000000000000100
000000000000000000000000000000000000100001101100000110000000000000000011110
000000000000000000000000000000000001010111111000000110000000000000000110111
000000000000000000000000000000000010011000101000000000000000000000001001000
000000000000000000000000000000000000000110000000000000000000000000000110000
000100000000000000001110000000000000100110000000000000000000000000000010000
011001000000000000010001000000000100000000000000000000000000000000000000000
100001000000000000000000100000000010010000000000000000000000000000000000000
101001000000000000011011000000000000000100010000000000000000000000000000000
011110000000000000000000000000000000100000100000000000110000000010000000000
000000000000000000000000000001100000000000100000000000110000000101000000000
000000000000000000000000000010010000000110000000000000000000001001000000000
000000000000000000000000000001010000000000000000000000000000000110000000000
000000000000110000000000000000100000000000000000000000000000000000000000000
000000000001001000000000000000000000000000000000000000000000000000000000000
000000000000110000000000101000000000000000000000000000000000000000000000000
000000000000000000000000001000000000000000000000000000000000000000000000000
000000000000000000000010010000000000000000000000000000000000000000000000000
000000000000000000000011000011000000000000000000000000000000000000000000000
000000000000000000000000000011100000000000000000000000000000000000000000000
000000000000000000000000000011100000000000000000000000001100000000000000000
