50 20 1 0,5
00001001000000000000001100000110110010000011000000
00001010000000000000000100000000111110000011000000
00000000000000000001101100000011110000000000000000
00000000000000000000101000000001110010000000000000
00000000000000000000010000000000011110000000000000
00000000001000000000000100000000000000000000000000
00000000000100000000001011100011000000000000000000
00000000000110000000010001111101100000000000000000
10000000001110000001110001011010000000000000000000
10000000000110000101101011110000000000000000000000
10000000000110000011001000001101000000000000000000
00000000110000000000000010010001100000000000000000
00000000000000000000000011100000010000000000001110
00000000000000000000000000001000111000000000000000
00000000000000000000000000001011101000000000000000
00000000001000000000000000000010110000000000000000
00000000001000001100000000000001100000000000000000
00000000001000010010000000000100000000000000000000
00000100001000001100000000000110000000000000000000
00001010001000000000000000001000110010000000000000
GenCount 66