50 20 1 0,5
00000000000000000101010110000010000010000011000000
00000000000000000011110000000001000101000011000000
00000000000000000000001101000001000001000000000000
00000000000000000000000001000001000111000000000000
00000000000000000000001000111011010001000000000000
00000000000000000000110100011011011111000000000000
00000000000001110101010110000010101001000000000000
00000000000011000110101010001100111001100000000000
10000000000000000000000000001100110111000000000000
10000000001100100010000000001001000000000000000000
10000000001100010100000000000100100100000000000000
00000000001101010000000000000000100000000000000000
00000000001101000000000000000011000000000000001110
00000000000100100000000000000000000000000000000000
00000110000000000000000000000000000000000000000000
11111001000000000000000000000000000000000000000000
11111011000000000000100000000011000000000000000000
00001110000000000101010110000111110000000000000000
00000000001000001100010110000100001000000000000000
00000000001000010000010000000111000100000000000000
GenCount 48