1100000000000000000000000000000000000000000000000000100001100000000000100000000000000000000000001000
0000000000000000000000000000000000000000000000000001000000000000001100100000000001100000001000000110
0000001000000000000000000000110010000000000000000001000000011100010000100000000001100000000000000000
0110010100000000000000000000110001001000000000000000010000011000011011000100011100000000001000000000
1001010100000000000010000000000001000000000000000000000110001100010011001111000010000000000000000000
1010000000000000000101000000000000000100000000000000000000000000000100000000000010000001000000000000
0010000000000000000011000000000000000110000000000011000000000000000010000100001110000011100000000000
0010000000000000000000000000000000000110000000000000000000000000001101000000000000000110110001011000
0101000000000000000000000000111000010100000000000111000000000000001011110000010000000011000001111000
0010000000000000010000000011011000001000000000000010000000000000000001000000110000000001111000000100
0000000000000000001100000000011000000000000000000000000000000000000000000010000000000000111110000000
0000000010000000011000011000000000110000000000000000000000000000000000010010000000000000011111000010
0100000001000001000000111000100000110000000000000000000000000000000000010000100000000000000001000010
0100000010011010000000100000000000000000000000000000000000000100000000001001100000000001110000111001
1100000000011110000000101000000000000000000000000000000000001110000000000111000000000010001000000001
0000000000001000000000110000000000000000000000000000000000100110000000000011000000000100000100000000
0000000000000000001101100000000000000000000001000000000001000100000000000001110000001010110110000000
0000000001100000001000100000000100000000000000100000000000101000000000000001110000011001101011000000
0000000001110000000000011000010100000000000100100000000000010000000000000001001000011000011010000000
0000000010001010000000000100110000000000000111000000000000000000000000000011000100001100000110000000
0000000001110101000010000110111000000000000111000000000000000000011100010100000100011000011000000000
0000110001000001000100011011111000000000000000000000000000000000010010001100000000001100001000011000
0000110011111111000000000010011000000000000000000000000000000000010010000010011101000110000000000000
0001000011111011000000000001010000000000000000000000000000000001110100000000001000100000000001101000
0000110000101010100000100000000000000000000000000000000000100001110000000001010100100101110100100000
0000111001100000100001010000000000000000000111000000000100000000000000000011001000000010001000100000
1000001110100000100001010010001000000000000110000000000010100000000110000001010000010010000010001001
1000000111100001000001110011011000000000000010000000000100100000001010000000001000010000100010000000
0100000011000100000000000001010000000000000000000000001001100011101000000000001101100000001010101100
0000000000000000000000000000100000000000000000000000010000100000001111000000000010000000000000010100
