00000000000000001000100000000001010000000000000000
00000000000000010110100000000001101000000000000000
00000000000000000010000011000010101000100000000000
00000000000000110100000100100000000100000000000000
00000000000001011000000011000010001000000000000000
00000000000000001000000000000000010000000000000000
00000000000010001000000000001100011000000000000000
00000000000010001000000000011110110000000000000000
00000000111001110000000000011011100000000000000000
00000000000000000000000000101100000000000000000000
00000010000010000000000000001010100000000000000000
00000010000010000000000000011010001000000000000000
00000010000010000000000000000110111000110000000000
00000000000000000000000000000000011101111000000000
00000000111000000000000000000001000100001100001100
01000000000001000000000000000111000000100100000000
00100000000010100000000110001100100000110111101000
01100000000100100000000110001001000000010110000000
00000000001001000000000000000010000110001111001000
00000000000111000000100000000000000110100000000000
33