00000000000000000000000000000000000000000000000000
00000000000000000000000000000000000000000000000000
00000000000000000000000000000000000000000000000000
00000000000000000000000000000000000000000000000000
00011100000001111000000000000000000011000000000000
00000000000001001000000000000000000100100000000000
00000000000111001110000000000000001000010000000000
00000000000100000010000000000000010000001000000000
00000000000100000010000000000000010000001000000000
00000000000111001110000000000000001000010000000000
00000000000001001000000000000000000100100000000000
00000000000001111000000000000000000011000000000000
00000000000000000000000000000000000000000000000000
00000000000000000000000000000000000000000000000000
00000000000000000000000000000000000000000000000000
00000000000000000000000000000000000000000000000000
00000000000000000000000000000000000000000000000000
00000000000000000000000000000000010000000000000000
00000000000000000000000000000000010000000000000000
00000000000000000000000000000000010000000000000000
00000000111111110000000000000000000000000000000000
00000000101111010000000000000111000111000000000000
00000000111111110000000000000000000000000000000000
00000000000000000000000000000000010000000000000000
00000000000000000000000000000000010000000000000000
00000000000000000000000000000000010000000000000000
0