00000000000000000000000000000000000000000000000000
00110011011000001100000000000010000000000000000000
00110011011000010010000000000101000000000000000000
00000000000000001100000000000101000000000000000000
00000000000000000000000000000010000000000000000000
00000000000000000000000000000000000000000000000000
00000000010000000000000001100000001100000000000000
00000000101000000000000010010000010010000000000000
00000001001000000000000001100000001100000000000000
00000000110000000000000000000000000000000000000000
00000000000000011000000000000010000000000000000000
00000000000000010100000000000101000000000000000000
00000010000000001010000000000101000000000000000000
00000101000000000101000000000010000000000000000000
00000010100000000010000000010000000000000000000000
00000001000000110000000000101000000000000000000000
00000000000000101000000000011000000000000000000000
00000000000000011000000000000110000000000000000000
00000000000000000000000000000101000000000000000000
00000000000000000000000000000010000000000000000000
0